"Sister cities" = 7.110681806
CA-AstroPh = 30.200887903
"Hamsterster friends" = 0.623482896
Brightkite = 55.891889626
WordNet = 215.352818009
CA-HepPh = 13.855812967
loc-Gowalla = 344.6358337
"Route views" = 1.4339599
"US power grid" = 0.960186107
ego-Facebook = 4.457591929
com-dblp = 761.167995081
Livemocha = 409.198008206
CAIDA = 11.549609083
Reactome = 7.226924748
"Pretty Good Privacy" = 7.587155124
CA-GrQc = 1.077174313
Euroroads = 3.426723947
CA-HepTh = 2.350398405
com-Amazon = 1160.055049235
"Hamsterster full" = 0.77007931
