["Zachary karate club"]
Approx = [12.427315451722674, 5.714689058462407, 2.591992174362615, 1.7481159239711155, 1.3629805568766893]
Optimum = [12.427315451722674, 3.3210142608861224, 2.319862089327332, 1.6771681374237994, 1.3629805568766893]
Random = [73.0965931644571, 28.188499127838394, 18.550530041282542, 10.177188879927437, 8.565683544620887]
Exact = [12.427315451722674, 3.3210142608861224, 2.319862089327332, 1.6771681374237994, 1.3629805568766893]

["Les Miserables"]
Approx = [14.612800321939098, 7.329474235823732, 5.2972858539542935, 3.8694262800552512, 3.083317751978794]
Optimum = [14.612800321939098, 6.807504690101914, 4.754085277585617, 3.6600348970119905, 2.9553588551728294]
Random = [38.7719982788925, 26.91941832154478, 16.913371626225654, 15.53566295412964, 15.231714546402232]
Exact = [14.612800321939098, 6.807504690101914, 4.8151663894486205, 3.6600348970119905, 2.9905580910626846]

["Contiguous USA"]
Approx = [38.02201379281914, 19.85603708956149, 11.59851517345685, 8.284553462356092, 6.360087310228892]
Optimum = [38.02201379281914, 19.85603708956149, 11.357095754197553, 7.761807635817874, 5.8847230024229225]
Random = [91.48147124136473, 41.75198376252042, 31.263071127696946, 29.46176215212216, 25.58089536179533]
Exact = [38.02201379281914, 19.85603708956149, 11.453294891615757, 8.054079718580292, 6.128674704233997]

[Zebra]
Approx = [15.344920167211876, 7.844920167211878, 4.72272989876625, 3.5750787671989053, 2.268761114481424]
Optimum = [14.692528596300825, 6.592298564117339, 4.186242080982997, 3.002743726767103, 2.152033775527469]
Random = [54.8284076470125, 11.764058915827425, 9.528644781217062, 6.7966788303913175, 4.598520373864835]
Exact = [14.692528596300825, 6.8613938857457395, 4.186242080982997, 3.030787118100735, 2.3057531044952935]
