["US power grid"]
Approx = [1610.9536811193805, 637.0833988479578, 375.6559161682138, 261.25988176729885, 207.22544155491613, 166.98266048954]
Top-Degree = [3758.2163877525036, 1727.0706030714653, 938.5887668056687, 803.9737392026348, 478.95107272730667, 474.8053749697414]
Exact = [1466.9744719291143, 622.1025413241541, 359.22635616361123, 259.56309293952614, 202.06572206767402, 163.53258049147635]
Top-Absorb = [5585.518877206667, 3519.037943970883, 2607.8065171066687, 1629.5310754417305, 1307.4479631619072, 1206.1849325807232]
Top-PageRank = [3758.2163877525036, 1509.4160057697907, 1264.2620812326743, 989.4317306434958, 647.237766190924, 561.210540373232]

[CA-GrQc]
Approx = [231.7302435800707, 127.59648334431266, 83.46639500338094, 62.9291039223081, 51.59650031413198, 43.11905398093942]
Top-Degree = [291.9550232904038, 248.50778888223044, 238.12279841817707, 179.9498865546223, 178.4660946759719, 177.76394019731018]
Exact = [216.90953578706805, 117.73597306967078, 78.99882486572959, 60.79074363767164, 49.817982901628156, 41.84435852937198]
Top-Absorb = [299.26308141933526, 255.7381868797622, 246.16877989951274, 239.96784796150467, 234.17746245926193, 233.09059605348273]
Top-PageRank = [276.7882451499104, 170.49604746802999, 138.92669319259224, 121.52323890778224, 110.06221915371013, 97.96905854473037]

[CA-HepTh]
Approx = [287.1895352572353, 159.58141361828845, 115.96334638046919, 90.07310600381318, 74.71725418566024, 63.93669301783599]
Top-Degree = [296.3034897720324, 170.37518666497752, 121.83301620548667, 97.41048849123746, 83.05408327430175, 73.95136581531308]
Exact = [276.3034897720324, 156.26595692474572, 113.01570158040154, 89.07780039469803, 73.74260959653213, 63.35488700526579]
Top-Absorb = [380.8946127984466, 208.3485960891386, 152.18148355937373, 120.16510790410635, 94.27277436204535, 83.22818088474324]
Top-PageRank = [352.035576028279, 191.65632033201018, 133.8568822171681, 102.26019897114791, 84.00472019513447, 72.82798193567515]

[Euroroads]
Approx = [384.21853787965983, 149.1696611840675, 100.75378920245096, 71.23348843267813, 56.852400120182516, 46.079444790403144]
Top-Degree = [579.3662638305115, 412.9124645567848, 392.26702109102774, 381.85126013841034, 369.03314304654924, 302.81792294929414]
Exact = [348.5283318630162, 148.85818196066012, 97.40586548486506, 68.57920230638594, 52.806765053798586, 43.529698587751774]
Top-Absorb = [687.6445031152291, 484.2764060847885, 448.648708069069, 443.1135806137819, 427.0247263628579, 422.1127918120646]
Top-PageRank = [482.2023848369789, 364.25687351020497, 177.19457798529777, 164.12838991344404, 139.06502633471584, 103.80177836833906]
