["Zachary karate club"]
Approx = [12.427315451722674, 5.714689058462407, 2.591992174362615, 1.7481159239711155, 1.3629805568766893]
Optimum = [12.427315451722674, 3.3210142608861224, 2.319862089327332, 1.6771681374237994, 1.3629805568766893]
Exact = [12.427315451722674, 3.3210142608861224, 2.319862089327332, 1.6771681374237994, 1.3629805568766893]

["Les Misérables"]
Approx = [14.612800321939098, 7.329474235823732, 5.2972858539542935, 3.8694262800552512, 3.083317751978794]
Optimum = [14.612800321939098, 6.807504690101914, 4.754085277585617, 3.6600348970119905, 2.9553588551728294]
Exact = [14.612800321939098, 6.807504690101914, 4.8151663894486205, 3.6600348970119905, 2.9905580910626846]

["Contiguous USA"]
Approx = [38.02201379281914, 19.85603708956149, 11.59851517345685, 8.284553462356092, 6.360087310228892]
Optimum = [38.02201379281914, 19.85603708956149, 11.357095754197553, 7.761807635817874, 5.8847230024229225]
Exact = [38.02201379281914, 19.85603708956149, 11.453294891615757, 8.054079718580292, 6.128674704233997]

[Zebra]
Approx = [15.344920167211876, 7.844920167211878, 4.72272989876625, 3.5750787671989053, 2.268761114481424]
Optimum = [14.692528596300825, 6.592298564117339, 4.186242080982997, 3.002743726767103, 2.152033775527469]
Exact = [14.692528596300825, 6.8613938857457395, 4.186242080982997, 3.030787118100735, 2.3057531044952935]
