["Zachary karate club"]
Approx = [12.427315451722674, 3.3210142608861224, 2.329010074022647, 1.6771681374237994, 1.4455377389163226]
Top-Degree = [12.427315451722674, 3.3210142608861224, 2.319862089327332, 1.6771681374237994, 1.3629805568766893]
Optimum = [12.427315451722674, 3.3210142608861224, 2.319862089327332, 1.6771681374237994, 1.3629805568766893]
Exact = [12.427315451722674, 3.3210142608861224, 2.319862089327332, 1.6771681374237994, 1.3629805568766893]
Top-SANC = [12.427315451722674, 3.3210142608861224, 2.5919921743626144, 1.9744216615462262, 1.3629805568766893]

["Les Misérables"]
Approx = [14.612800321939094, 6.808169297108327, 4.861031206788972, 3.94344685061462, 3.187574802185854]
Top-Degree = [14.612800321939094, 8.753141381825012, 5.479872460328128, 4.795125840098757, 4.626232993030385]
Optimum = [14.612800321939094, 6.807504690101914, 4.846849533141577, 3.6916508114033744, 2.9553588551728294]
Exact = [14.612800321939094, 6.807504690101914, 4.81516638944862, 3.6600348970119905, 2.990558091062685]
Top-SANC = [14.612800321939094, 8.753141381825012, 5.479872460328128, 4.795125840098757, 4.323355321413015]

["Contiguous USA"]
Approx = [38.02201379281914, 19.85603708956149, 11.59851517345685, 8.284553462356092, 6.766361621203202]
Top-Degree = [49.345232962627385, 25.06405417498752, 19.627796341131837, 18.08956184980134, 16.155521303472806]
Optimum = [46.249221279430415, 22.390704719739098, 14.479069149652384, 9.366878312327316, 5.884723002422923]
Exact = [38.02201379281914, 19.85603708956149, 11.453294891615757, 8.054079718580292, 6.1286747042339975]
Top-SANC = [46.249221279430415, 23.63447651914248, 17.309875642752207, 16.523271733197717, 15.34961596146637]

[Zebra]
Approx = [15.84371354304475, 6.592298564117339, 4.6587367861780615, 3.002743726767103, 2.1520542563868093]
Top-Degree = [14.745119412786698, 7.1020626767143, 4.712071919913539, 3.559067274531246, 2.8128934177211327]
Optimum = [14.745119412786698, 6.592298564117339, 4.554384111492248, 3.0493001989187687, 2.152033775527469]
Exact = [14.692528596300825, 6.861393885745739, 4.186242080982997, 3.030787118100735, 2.3057531044952935]
Top-SANC = [14.745119412786698, 7.1020626767143, 4.712071919913539, 3.660068287789645, 2.9495760404943754]
