[CA-AstroPh]
Approx = [249.4990872967024, 133.93395298697934, 98.48985854268315, 79.36263229176355, 67.2581227925721, 58.77445776827676]
Top-Degree = [262.83469106444704, 145.41448427260357, 105.17569593321198, 82.74419157640799, 69.03713082704613, 62.45888263926642]
Exact = [242.83469106444704, 133.93395298697934, 97.88286964354893, 79.09654987821544, 67.15978486498975, 58.76074118195903]
Top-Absorb = [282.83469106444704, 175.65533285202403, 131.36809135296082, 95.57586162293035, 81.33178820050912, 71.225936111755345]
Top-PageRank = [297.24462451726868, 158.93395298697934, 120.47897299438382, 103.47244967454334, 79.50545789128259, 70.817464388521174]

["Pretty Good Privacy"]
Approx = [194.56774548180096, 123.39771377205257, 97.3423701913328, 82.12214223593432, 70.22678718087113, 61.69078708905063]
Top-Degree = [219.36970627043044, 149.76716265711286, 119.29333938134627, 96.16492684794738, 84.87222590468897, 79.30919774144851]
Exact = [187.99164122757355, 122.535827554592, 95.07417562054496, 80.18698035500879, 69.07431711167565, 60.83401618919237]
Top-Absorb = [233.0312430502717, 180.03347079033122, 175.24698977761577, 155.342246376491, 136.98602300238775, 112.2701675653473]
Top-PageRank = [294.94427458240386, 182.51289509336272, 149.93601107329437, 107.86753678446392, 91.2543319970103, 78.89301905292419]

["Sister cities"]
Approx = [164.3117957713181, 105.50351998808866, 82.02164924723765, 70.2090239169476, 62.50591307797799, 56.694126650297115]
Top-Degree = [192.12324971230768, 117.99712382480102, 89.62126523072152, 77.55728197330059, 69.70221606312153, 64.29560324977751]
Exact = [162.4282199457553, 104.75618563889056, 81.20507289394834, 69.20090247492692, 61.528396175892084, 55.91837275363117]
Top-Absorb = [219.297082365297, 167.83710515544291, 126.1489253732662, 102.71500985211802, 97.94591620705148, 96.24330438875391]
Top-PageRank = [228.07553852326058, 133.87840089234959, 92.90366102102155, 78.48653342477131, 67.30478331181837, 61.548754722247104]

[CA-HepPh]
Approx = [145.89766929359564, 83.43287956258352, 63.19710312549704, 51.67097521379454, 44.17925129822133, 38.88491640125723]
Top-Degree = [163.46543330711594, 94.07361399740519, 68.73730221807371, 56.24735127406591, 46.35033295961458, 42.4865862990391]
Exact = [143.46543330711594, 83.33254970741432, 62.662914922685665, 51.419701297835054, 44.0526072632384, 38.67714785438593]
Top-Absorb = [184.79088945051973, 108.74649248445299, 76.64647090545638, 59.693410714521185, 48.84966093536353, 44.798754524646654]
Top-PageRank = [171.45637512304356, 124.06669740346283, 97.06919286095348, 76.53305595225323, 65.75606332671741, 51.873944716019906]
