[CA-GrQc]
Approx = [96.29699956452185, 64.70711327936854, 50.23596149644801, 40.92048729755814, 34.711116374889805, 30.504768274659483, 26.971494977697798, 24.274556994860788, 21.987154463616243]
Top-Degree = [241.31273528280053, 180.329439348919, 178.46609467597418, 177.6734384140081, 170.76630653265534, 170.66135479838002, 170.64743440957167, 170.63683606273497, 137.17558526470853]
Top-PageRank = [150.51795983462887, 125.88738476831475, 110.062219153714, 96.95070615477016, 91.72546601879318, 86.0868606638385, 81.58693874870517, 78.77546369442997, 75.76828225694538]
Exact = [95.12779708321627, 64.18618838838853, 49.81798290162813, 40.302635579525635, 34.48819089448157, 30.382813115649824, 26.931838483802927, 24.14745887781311, 21.84261949226832]
Top-Absorb = [242.24522834679607, 236.09734527833382, 233.2736176115746, 232.63123708221892, 232.4112307836095, 231.96464197342712, 231.90979325679663, 209.24928558146613, 172.3072795020903]

[Euroroads]
Approx = [125.36096531682524, 76.51858845704932, 54.31652564675668, 41.91609131620053, 33.319361323455816, 27.785833812305945, 23.406136305364114, 20.09275608672589, 17.3223193503024]
Top-Degree = [406.56824303643424, 382.1622043659651, 369.0331430465475, 302.60529374123297, 298.8348893071306, 293.78581212219717, 292.65272909954734, 105.77327367356692, 101.42898660869304]
Top-PageRank = [181.25528097328663, 164.22059936427414, 139.06502633471555, 98.99135765473872, 71.12545479999179, 57.48727329103528, 54.39121018594031, 44.83795676914447, 42.21977761206642]
Exact = [120.7388904769912, 74.83120262982939, 52.80676505379856, 41.5682826295171, 33.487251974868094, 27.786643082185776, 23.483719034787697, 20.02140211054142, 17.182906824425242]
Top-Absorb = [465.6053741036394, 379.33047058823377, 374.3061762563188, 372.6275166317854, 355.74247664114216, 353.1362832657901, 350.70159157632577, 347.37871917127006, 323.43243409938634]

["US power grid"]
Approx = [469.4644106343128, 277.0025912699715, 196.52693767207134, 153.62937607759207, 128.55215215139813, 109.69856972930279, 96.27479099463746, 85.14510231441277, 76.61525896469563]
Top-Degree = [1527.2665275225095, 925.006462417142, 478.95107272730706, 474.66921321782655, 396.94521177678246, 325.62547229381926, 302.8143388549717, 229.80535570440432, 216.9862183874901]
Top-PageRank = [1379.7642008527969, 1045.3555623883237, 647.2377661909321, 541.9565324061182, 405.21027340363054, 348.47894942887734, 269.83372456682565, 230.59937535235136, 192.73883437748677]
Exact = [450.6277273037392, 281.0565751263608, 202.06572206767396, 155.84287384499407, 130.43166899578446, 112.2806913035695, 98.08489790761199, 86.70207659366316, 77.05237694998387]
Top-Absorb = [2562.9772275918845, 2531.414119973824, 1165.6099910846472, 824.9976702266201, 769.016905597445, 730.1576254622685, 724.8580849073671, 720.7570449446348, 511.38171812889607]

