["Zachary karate club"]
Approx = [12.427315451722674, 3.3210142608861224, 2.329010074022647, 1.6771681374237994, 1.4455377389163226]
Top-Degree = [12.427315451722674, 3.3210142608861224, 2.319862089327332, 1.6771681374237994, 1.3629805568766893]
Optimum = [12.427315451722674, 3.3210142608861224, 2.319862089327332, 1.6771681374237994, 1.3629805568766893]
Exact = [12.427315451722674, 3.3210142608861224, 2.319862089327332, 1.6771681374237994, 1.3629805568766893]
Top-SANC = [12.427315451722674, 3.3210142608861224, 2.5919921743626144, 1.9744216615462262, 1.3629805568766893]
