"Sister cities" = 5.190155275
Zebra = 3.148374553
"Dogster friends" = 2400.337591588
"Hamsterster friends" = 0.966968675
roadNet-CA = 10391.410099119
"Les Misérables" = 0.061965569
CA-HepPh = 9.793122149
loc-Gowalla = 341.208422885
Skitter = 7191.771158662
roadNet-PA = 4647.360619751
"US power grid" = 1.130899144
"Zachary karate club" = 0.0239151
ego-Facebook = 4.628007103
roadNet-TX = 6004.254969244
YouTube = 2919.234595664
CAIDA = 13.801964802
Flixster = 5674.247450252
Reactome = 8.295933593
"Jazz musicians" = 0.107348985
CA-GrQc = 1.284919997
Euroroads = 0.88614495
CA-HepTh = 2.71954838
com-Amazon = 1026.406740563
"Contiguous USA" = 0.061310843
