"Sister cities" = 4.615782276
roadNet-CA = 6336.600899445
"Dogster friends" = 1549.692846939
"Hamsterster friends" = 0.68219551
"Les Misérables" = 0.119027518
CA-HepPh = 10.060839302
loc-Gowalla = 233.618445564
Skitter = 5074.592258429
roadNet-PA = 3258.457070398
"US power grid" = 0.725125512
"Zachary karate club" = 4.824992498
ego-Facebook = 3.443481374
CAIDA = 9.567166273
Reactome = 4.775186772
"Jazz musicians" = 0.200302639
CA-GrQc = 0.769116391
Euroroads = 0.34316796
CA-HepTh = 1.726355556
com-Amazon = 625.746701767
"Contiguous USA" = 0.029005267
